  flscon:  version 11.2.0.16 win64 2016  
 FLOW-3D   21:31:35  02/01/2018 akhp     
   hydr3d   version  11.2.0.16 win64                         
 This version is based on Sea Domain version.                                    
    5
   hydr3d   version  11.2.0.16 win64     11/21/2016

Mesh Block   1
 printing p       t=380.01245  ix=2 to  2   jy=2 to  2  kz=2 to  21 
 3777 3777    3.800E+02    3.800E+02    2    2    2    2    2   21
   x               y               z               p
  -6.8908379E+01  -3.3545784E+01   5.0000000E-01   1.3031598E+05
  -6.8908379E+01  -3.3545784E+01   1.5000000E+00   1.2058652E+05
  -6.8908379E+01  -3.3545784E+01   2.5000000E+00   1.1094297E+05
  -6.8908379E+01  -3.3545784E+01   3.5000000E+00   1.0139102E+05
  -6.8908379E+01  -3.3545784E+01   4.5000000E+00   9.1932227E+04
  -6.8908379E+01  -3.3545784E+01   5.5000000E+00   8.2571703E+04
  -6.8908379E+01  -3.3545784E+01   6.5000000E+00   7.3309453E+04
  -6.8908379E+01  -3.3545784E+01   7.5000000E+00   6.4148688E+04
  -6.8908379E+01  -3.3545784E+01   8.5000000E+00   5.5088648E+04
  -6.8908379E+01  -3.3545784E+01   9.5000000E+00   4.6131777E+04
  -6.8908379E+01  -3.3545784E+01   1.0500000E+01   3.7276656E+04
  -6.8908379E+01  -3.3545784E+01   1.1500000E+01   2.8521012E+04
  -6.8908379E+01  -3.3545784E+01   1.2500000E+01   1.9857246E+04
  -6.8908379E+01  -3.3545784E+01   1.3500000E+01   1.1241430E+04
  -6.8908379E+01  -3.3545784E+01   1.4500000E+01   2.6361704E+03
  -6.8908379E+01  -3.3545784E+01   1.5500000E+01  -5.8694214E+03
  -6.8908379E+01  -3.3545784E+01   1.6500000E+01   0.0000000E+00
  -6.8908379E+01  -3.3545784E+01   1.7500000E+01   0.0000000E+00
  -6.8908379E+01  -3.3545784E+01   1.8500000E+01   0.0000000E+00
  -6.8908379E+01  -3.3545784E+01   1.9500000E+01   0.0000000E+00
