8.870562   0.000000   0.500000   
8.735798   1.540357   0.500000   
8.335601   3.033911   0.500000   
7.682132   4.435281   0.500000   
6.795244   5.701887   0.500000   
5.701887   6.795244   0.500000   
4.435281   7.682132   0.500000   
3.033911   8.335601   0.500000   
1.540357   8.735798   0.500000   
0.000000   8.870562   0.500000   
-1.540357   8.735798   0.500000   
-3.033911   8.335601   0.500000   
-4.435281   7.682132   0.500000   
-5.701887   6.795244   0.500000   
-6.795244   5.701887   0.500000   
-7.682132   4.435281   0.500000   
-8.335601   3.033911   0.500000   
-8.735798   1.540357   0.500000   
-8.870562   -0.000000   0.500000   
-8.735798   -1.540357   0.500000   
-8.335601   -3.033911   0.500000   
-7.682132   -4.435281   0.500000   
-6.795244   -5.701887   0.500000   
-5.701887   -6.795244   0.500000   
-4.435281   -7.682132   0.500000   
-3.033911   -8.335601   0.500000   
-1.540357   -8.735798   0.500000   
-0.000000   -8.870562   0.500000   
1.540357   -8.735798   0.500000   
3.033911   -8.335601   0.500000   
4.435281   -7.682132   0.500000   
5.701887   -6.795244   0.500000   
6.795244   -5.701887   0.500000   
7.682132   -4.435281   0.500000   
8.335601   -3.033911   0.500000   
8.735798   -1.540357   0.500000   
8.324185   0.000000   1.500000   
8.197722   1.445480   1.500000   
7.822175   2.847039   1.500000   
7.208955   4.162092   1.500000   
6.376695   5.350683   1.500000   
5.350683   6.376695   1.500000   
4.162092   7.208955   1.500000   
2.847039   7.822175   1.500000   
1.445480   8.197722   1.500000   
0.000000   8.324185   1.500000   
-1.445480   8.197722   1.500000   
-2.847039   7.822175   1.500000   
-4.162092   7.208955   1.500000   
-5.350683   6.376695   1.500000   
-6.376695   5.350683   1.500000   
-7.208955   4.162092   1.500000   
-7.822175   2.847039   1.500000   
-8.197722   1.445480   1.500000   
-8.324185   -0.000000   1.500000   
-8.197722   -1.445480   1.500000   
-7.822175   -2.847039   1.500000   
-7.208955   -4.162092   1.500000   
-6.376695   -5.350683   1.500000   
-5.350683   -6.376695   1.500000   
-4.162092   -7.208955   1.500000   
-2.847039   -7.822175   1.500000   
-1.445480   -8.197722   1.500000   
-0.000000   -8.324185   1.500000   
1.445480   -8.197722   1.500000   
2.847039   -7.822175   1.500000   
4.162092   -7.208955   1.500000   
5.350683   -6.376695   1.500000   
6.376695   -5.350683   1.500000   
7.208955   -4.162092   1.500000   
7.822175   -2.847039   1.500000   
8.197722   -1.445480   1.500000   
7.777808   0.000000   2.500000   
7.659646   1.350602   2.500000   
7.308749   2.660167   2.500000   
6.735779   3.888904   2.500000   
5.958147   4.999479   2.500000   
4.999479   5.958147   2.500000   
3.888904   6.735779   2.500000   
2.660167   7.308749   2.500000   
1.350602   7.659646   2.500000   
0.000000   7.777808   2.500000   
-1.350602   7.659646   2.500000   
-2.660167   7.308749   2.500000   
-3.888904   6.735779   2.500000   
-4.999479   5.958147   2.500000   
-5.958147   4.999479   2.500000   
-6.735779   3.888904   2.500000   
-7.308749   2.660167   2.500000   
-7.659646   1.350602   2.500000   
-7.777808   -0.000000   2.500000   
-7.659646   -1.350602   2.500000   
-7.308749   -2.660167   2.500000   
-6.735779   -3.888904   2.500000   
-5.958147   -4.999479   2.500000   
-4.999479   -5.958147   2.500000   
-3.888904   -6.735779   2.500000   
-2.660167   -7.308749   2.500000   
-1.350602   -7.659646   2.500000   
-0.000000   -7.777808   2.500000   
1.350602   -7.659646   2.500000   
2.660167   -7.308749   2.500000   
3.888904   -6.735779   2.500000   
4.999479   -5.958147   2.500000   
5.958147   -4.999479   2.500000   
6.735779   -3.888904   2.500000   
7.308749   -2.660167   2.500000   
7.659646   -1.350602   2.500000   
7.231431   0.000000   3.500000   
7.121569   1.255725   3.500000   
6.795322   2.473295   3.500000   
6.262603   3.615716   3.500000   
5.539598   4.648274   3.500000   
4.648274   5.539598   3.500000   
3.615716   6.262603   3.500000   
2.473295   6.795322   3.500000   
1.255725   7.121569   3.500000   
0.000000   7.231431   3.500000   
-1.255725   7.121569   3.500000   
-2.473295   6.795322   3.500000   
-3.615716   6.262603   3.500000   
-4.648274   5.539598   3.500000   
-5.539598   4.648274   3.500000   
-6.262603   3.615716   3.500000   
-6.795322   2.473295   3.500000   
-7.121569   1.255725   3.500000   
-7.231431   -0.000000   3.500000   
-7.121569   -1.255725   3.500000   
-6.795322   -2.473295   3.500000   
-6.262603   -3.615716   3.500000   
-5.539598   -4.648274   3.500000   
-4.648274   -5.539598   3.500000   
-3.615716   -6.262603   3.500000   
-2.473295   -6.795322   3.500000   
-1.255725   -7.121569   3.500000   
-0.000000   -7.231431   3.500000   
1.255725   -7.121569   3.500000   
2.473295   -6.795322   3.500000   
3.615716   -6.262603   3.500000   
4.648274   -5.539598   3.500000   
5.539598   -4.648274   3.500000   
6.262603   -3.615716   3.500000   
6.795322   -2.473295   3.500000   
7.121569   -1.255725   3.500000   
6.685054   0.000000   4.500000   
6.583493   1.160848   4.500000   
6.281896   2.286423   4.500000   
5.789427   3.342527   4.500000   
5.121049   4.297070   4.500000   
4.297070   5.121049   4.500000   
3.342527   5.789427   4.500000   
2.286423   6.281896   4.500000   
1.160848   6.583493   4.500000   
0.000000   6.685054   4.500000   
-1.160848   6.583493   4.500000   
-2.286423   6.281896   4.500000   
-3.342527   5.789427   4.500000   
-4.297070   5.121049   4.500000   
-5.121049   4.297070   4.500000   
-5.789427   3.342527   4.500000   
-6.281896   2.286423   4.500000   
-6.583493   1.160848   4.500000   
-6.685054   -0.000000   4.500000   
-6.583493   -1.160848   4.500000   
-6.281896   -2.286423   4.500000   
-5.789427   -3.342527   4.500000   
-5.121049   -4.297070   4.500000   
-4.297070   -5.121049   4.500000   
-3.342527   -5.789427   4.500000   
-2.286423   -6.281896   4.500000   
-1.160848   -6.583493   4.500000   
-0.000000   -6.685054   4.500000   
1.160848   -6.583493   4.500000   
2.286423   -6.281896   4.500000   
3.342527   -5.789427   4.500000   
4.297070   -5.121049   4.500000   
5.121049   -4.297070   4.500000   
5.789427   -3.342527   4.500000   
6.281896   -2.286423   4.500000   
6.583493   -1.160848   4.500000   
6.138678   0.000000   5.500000   
6.045417   1.065970   5.500000   
5.768470   2.099551   5.500000   
5.316251   3.069339   5.500000   
4.702500   3.945866   5.500000   
3.945866   4.702500   5.500000   
3.069339   5.316251   5.500000   
2.099551   5.768470   5.500000   
1.065970   6.045417   5.500000   
0.000000   6.138678   5.500000   
-1.065970   6.045417   5.500000   
-2.099551   5.768470   5.500000   
-3.069339   5.316251   5.500000   
-3.945866   4.702500   5.500000   
-4.702500   3.945866   5.500000   
-5.316251   3.069339   5.500000   
-5.768470   2.099551   5.500000   
-6.045417   1.065970   5.500000   
-6.138678   -0.000000   5.500000   
-6.045417   -1.065970   5.500000   
-5.768470   -2.099551   5.500000   
-5.316251   -3.069339   5.500000   
-4.702500   -3.945866   5.500000   
-3.945866   -4.702500   5.500000   
-3.069339   -5.316251   5.500000   
-2.099551   -5.768470   5.500000   
-1.065970   -6.045417   5.500000   
-0.000000   -6.138678   5.500000   
1.065970   -6.045417   5.500000   
2.099551   -5.768470   5.500000   
3.069339   -5.316251   5.500000   
3.945866   -4.702500   5.500000   
4.702500   -3.945866   5.500000   
5.316251   -3.069339   5.500000   
5.768470   -2.099551   5.500000   
6.045417   -1.065970   5.500000   
5.592301   0.000000   6.500000   
5.507341   0.971093   6.500000   
5.255044   1.912679   6.500000   
4.843074   2.796150   6.500000   
4.283951   3.594662   6.500000   
3.594662   4.283951   6.500000   
2.796150   4.843074   6.500000   
1.912679   5.255044   6.500000   
0.971093   5.507341   6.500000   
0.000000   5.592301   6.500000   
-0.971093   5.507341   6.500000   
-1.912679   5.255044   6.500000   
-2.796150   4.843074   6.500000   
-3.594662   4.283951   6.500000   
-4.283951   3.594662   6.500000   
-4.843074   2.796150   6.500000   
-5.255044   1.912679   6.500000   
-5.507341   0.971093   6.500000   
-5.592301   -0.000000   6.500000   
-5.507341   -0.971093   6.500000   
-5.255044   -1.912679   6.500000   
-4.843074   -2.796150   6.500000   
-4.283951   -3.594662   6.500000   
-3.594662   -4.283951   6.500000   
-2.796150   -4.843074   6.500000   
-1.912679   -5.255044   6.500000   
-0.971093   -5.507341   6.500000   
-0.000000   -5.592301   6.500000   
0.971093   -5.507341   6.500000   
1.912679   -5.255044   6.500000   
2.796150   -4.843074   6.500000   
3.594662   -4.283951   6.500000   
4.283951   -3.594662   6.500000   
4.843074   -2.796150   6.500000   
5.255044   -1.912679   6.500000   
5.507341   -0.971093   6.500000   
5.045924   0.000000   7.500000   
4.969265   0.876215   7.500000   
4.741617   1.725808   7.500000   
4.369898   2.522962   7.500000   
3.865402   3.243457   7.500000   
3.243457   3.865402   7.500000   
2.522962   4.369898   7.500000   
1.725808   4.741617   7.500000   
0.876215   4.969265   7.500000   
0.000000   5.045924   7.500000   
-0.876215   4.969265   7.500000   
-1.725808   4.741617   7.500000   
-2.522962   4.369898   7.500000   
-3.243457   3.865402   7.500000   
-3.865402   3.243457   7.500000   
-4.369898   2.522962   7.500000   
-4.741617   1.725808   7.500000   
-4.969265   0.876215   7.500000   
-5.045924   -0.000000   7.500000   
-4.969265   -0.876215   7.500000   
-4.741617   -1.725808   7.500000   
-4.369898   -2.522962   7.500000   
-3.865402   -3.243457   7.500000   
-3.243457   -3.865402   7.500000   
-2.522962   -4.369898   7.500000   
-1.725808   -4.741617   7.500000   
-0.876215   -4.969265   7.500000   
-0.000000   -5.045924   7.500000   
0.876215   -4.969265   7.500000   
1.725808   -4.741617   7.500000   
2.522962   -4.369898   7.500000   
3.243457   -3.865402   7.500000   
3.865402   -3.243457   7.500000   
4.369898   -2.522962   7.500000   
4.741617   -1.725808   7.500000   
4.969265   -0.876215   7.500000   
4.499547   0.000000   8.500000   
4.431189   0.781338   8.500000   
4.228191   1.538936   8.500000   
3.896722   2.249774   8.500000   
3.446853   2.892253   8.500000   
2.892253   3.446853   8.500000   
2.249774   3.896722   8.500000   
1.538936   4.228191   8.500000   
0.781338   4.431189   8.500000   
0.000000   4.499547   8.500000   
-0.781338   4.431189   8.500000   
-1.538936   4.228191   8.500000   
-2.249774   3.896722   8.500000   
-2.892253   3.446853   8.500000   
-3.446853   2.892253   8.500000   
-3.896722   2.249774   8.500000   
-4.228191   1.538936   8.500000   
-4.431189   0.781338   8.500000   
-4.499547   -0.000000   8.500000   
-4.431189   -0.781338   8.500000   
-4.228191   -1.538936   8.500000   
-3.896722   -2.249774   8.500000   
-3.446853   -2.892253   8.500000   
-2.892253   -3.446853   8.500000   
-2.249774   -3.896722   8.500000   
-1.538936   -4.228191   8.500000   
-0.781338   -4.431189   8.500000   
-0.000000   -4.499547   8.500000   
0.781338   -4.431189   8.500000   
1.538936   -4.228191   8.500000   
2.249774   -3.896722   8.500000   
2.892253   -3.446853   8.500000   
3.446853   -2.892253   8.500000   
3.896722   -2.249774   8.500000   
4.228191   -1.538936   8.500000   
4.431189   -0.781338   8.500000   
3.953170   0.000000   9.500000   
3.893113   0.686461   9.500000   
3.714765   1.352064   9.500000   
3.423546   1.976585   9.500000   
3.028304   2.541049   9.500000   
2.541049   3.028304   9.500000   
1.976585   3.423546   9.500000   
1.352064   3.714765   9.500000   
0.686461   3.893113   9.500000   
0.000000   3.953170   9.500000   
-0.686461   3.893113   9.500000   
-1.352064   3.714765   9.500000   
-1.976585   3.423546   9.500000   
-2.541049   3.028304   9.500000   
-3.028304   2.541049   9.500000   
-3.423546   1.976585   9.500000   
-3.714765   1.352064   9.500000   
-3.893113   0.686461   9.500000   
-3.953170   -0.000000   9.500000   
-3.893113   -0.686461   9.500000   
-3.714765   -1.352064   9.500000   
-3.423546   -1.976585   9.500000   
-3.028304   -2.541049   9.500000   
-2.541049   -3.028304   9.500000   
-1.976585   -3.423546   9.500000   
-1.352064   -3.714765   9.500000   
-0.686461   -3.893113   9.500000   
-0.000000   -3.953170   9.500000   
0.686461   -3.893113   9.500000   
1.352064   -3.714765   9.500000   
1.976585   -3.423546   9.500000   
2.541049   -3.028304   9.500000   
3.028304   -2.541049   9.500000   
3.423546   -1.976585   9.500000   
3.714765   -1.352064   9.500000   
3.893113   -0.686461   9.500000   
3.406793   0.000000   10.500000   
3.355037   0.591583   10.500000   
3.201339   1.165192   10.500000   
2.950370   1.703397   10.500000   
2.609755   2.189845   10.500000   
2.189845   2.609755   10.500000   
1.703397   2.950370   10.500000   
1.165192   3.201339   10.500000   
0.591583   3.355037   10.500000   
0.000000   3.406793   10.500000   
-0.591583   3.355037   10.500000   
-1.165192   3.201339   10.500000   
-1.703397   2.950370   10.500000   
-2.189845   2.609755   10.500000   
-2.609755   2.189845   10.500000   
-2.950370   1.703397   10.500000   
-3.201339   1.165192   10.500000   
-3.355037   0.591583   10.500000   
-3.406793   -0.000000   10.500000   
-3.355037   -0.591583   10.500000   
-3.201339   -1.165192   10.500000   
-2.950370   -1.703397   10.500000   
-2.609755   -2.189845   10.500000   
-2.189845   -2.609755   10.500000   
-1.703397   -2.950370   10.500000   
-1.165192   -3.201339   10.500000   
-0.591583   -3.355037   10.500000   
-0.000000   -3.406793   10.500000   
0.591583   -3.355037   10.500000   
1.165192   -3.201339   10.500000   
1.703397   -2.950370   10.500000   
2.189845   -2.609755   10.500000   
2.609755   -2.189845   10.500000   
2.950370   -1.703397   10.500000   
3.201339   -1.165192   10.500000   
3.355037   -0.591583   10.500000   
2.860417   0.000000   11.500000   
2.816961   0.496706   11.500000   
2.687912   0.978320   11.500000   
2.477193   1.430208   11.500000   
2.191206   1.838640   11.500000   
1.838640   2.191206   11.500000   
1.430208   2.477193   11.500000   
0.978320   2.687912   11.500000   
0.496706   2.816961   11.500000   
0.000000   2.860417   11.500000   
-0.496706   2.816961   11.500000   
-0.978320   2.687912   11.500000   
-1.430208   2.477193   11.500000   
-1.838640   2.191206   11.500000   
-2.191206   1.838640   11.500000   
-2.477193   1.430208   11.500000   
-2.687912   0.978320   11.500000   
-2.816961   0.496706   11.500000   
-2.860417   -0.000000   11.500000   
-2.816961   -0.496706   11.500000   
-2.687912   -0.978320   11.500000   
-2.477193   -1.430208   11.500000   
-2.191206   -1.838640   11.500000   
-1.838640   -2.191206   11.500000   
-1.430208   -2.477193   11.500000   
-0.978320   -2.687912   11.500000   
-0.496706   -2.816961   11.500000   
-0.000000   -2.860417   11.500000   
0.496706   -2.816961   11.500000   
0.978320   -2.687912   11.500000   
1.430208   -2.477193   11.500000   
1.838640   -2.191206   11.500000   
2.191206   -1.838640   11.500000   
2.477193   -1.430208   11.500000   
2.687912   -0.978320   11.500000   
2.816961   -0.496706   11.500000   
2.314040   0.000000   12.500000   
2.278884   0.401829   12.500000   
2.174486   0.791448   12.500000   
2.004017   1.157020   12.500000   
1.772657   1.487436   12.500000   
1.487436   1.772657   12.500000   
1.157020   2.004017   12.500000   
0.791448   2.174486   12.500000   
0.401829   2.278884   12.500000   
0.000000   2.314040   12.500000   
-0.401829   2.278884   12.500000   
-0.791448   2.174486   12.500000   
-1.157020   2.004017   12.500000   
-1.487436   1.772657   12.500000   
-1.772657   1.487436   12.500000   
-2.004017   1.157020   12.500000   
-2.174486   0.791448   12.500000   
-2.278884   0.401829   12.500000   
-2.314040   -0.000000   12.500000   
-2.278884   -0.401829   12.500000   
-2.174486   -0.791448   12.500000   
-2.004017   -1.157020   12.500000   
-1.772657   -1.487436   12.500000   
-1.487436   -1.772657   12.500000   
-1.157020   -2.004017   12.500000   
-0.791448   -2.174486   12.500000   
-0.401829   -2.278884   12.500000   
-0.000000   -2.314040   12.500000   
0.401829   -2.278884   12.500000   
0.791448   -2.174486   12.500000   
1.157020   -2.004017   12.500000   
1.487436   -1.772657   12.500000   
1.772657   -1.487436   12.500000   
2.004017   -1.157020   12.500000   
2.174486   -0.791448   12.500000   
2.278884   -0.401829   12.500000   
2.075000   0.000000   13.500000   
2.043476   0.360320   13.500000   
1.949862   0.709692   13.500000   
1.797003   1.037500   13.500000   
1.589542   1.333784   13.500000   
1.333784   1.589542   13.500000   
1.037500   1.797003   13.500000   
0.709692   1.949862   13.500000   
0.360320   2.043476   13.500000   
0.000000   2.075000   13.500000   
-0.360320   2.043476   13.500000   
-0.709692   1.949862   13.500000   
-1.037500   1.797003   13.500000   
-1.333784   1.589542   13.500000   
-1.589542   1.333784   13.500000   
-1.797003   1.037500   13.500000   
-1.949862   0.709692   13.500000   
-2.043476   0.360320   13.500000   
-2.075000   -0.000000   13.500000   
-2.043476   -0.360320   13.500000   
-1.949862   -0.709692   13.500000   
-1.797003   -1.037500   13.500000   
-1.589542   -1.333784   13.500000   
-1.333784   -1.589542   13.500000   
-1.037500   -1.797003   13.500000   
-0.709692   -1.949862   13.500000   
-0.360320   -2.043476   13.500000   
-0.000000   -2.075000   13.500000   
0.360320   -2.043476   13.500000   
0.709692   -1.949862   13.500000   
1.037500   -1.797003   13.500000   
1.333784   -1.589542   13.500000   
1.589542   -1.333784   13.500000   
1.797003   -1.037500   13.500000   
1.949862   -0.709692   13.500000   
2.043476   -0.360320   13.500000   
2.075000   0.000000   14.500000   
2.043476   0.360320   14.500000   
1.949862   0.709692   14.500000   
1.797003   1.037500   14.500000   
1.589542   1.333784   14.500000   
1.333784   1.589542   14.500000   
1.037500   1.797003   14.500000   
0.709692   1.949862   14.500000   
0.360320   2.043476   14.500000   
0.000000   2.075000   14.500000   
-0.360320   2.043476   14.500000   
-0.709692   1.949862   14.500000   
-1.037500   1.797003   14.500000   
-1.333784   1.589542   14.500000   
-1.589542   1.333784   14.500000   
-1.797003   1.037500   14.500000   
-1.949862   0.709692   14.500000   
-2.043476   0.360320   14.500000   
-2.075000   -0.000000   14.500000   
-2.043476   -0.360320   14.500000   
-1.949862   -0.709692   14.500000   
-1.797003   -1.037500   14.500000   
-1.589542   -1.333784   14.500000   
-1.333784   -1.589542   14.500000   
-1.037500   -1.797003   14.500000   
-0.709692   -1.949862   14.500000   
-0.360320   -2.043476   14.500000   
-0.000000   -2.075000   14.500000   
0.360320   -2.043476   14.500000   
0.709692   -1.949862   14.500000   
1.037500   -1.797003   14.500000   
1.333784   -1.589542   14.500000   
1.589542   -1.333784   14.500000   
1.797003   -1.037500   14.500000   
1.949862   -0.709692   14.500000   
2.043476   -0.360320   14.500000   
