Optional title line 1 
Optional title line 2 
Optional title line 3 
-1 
0  
-70   -35   0 
-3.2530625      -8.7506876       0.5000000  
 -2.4676876      -8.7506876       0.5000000  
 -1.6748750      -8.7506876       0.5000000  
  1.6748750      -8.7506876       0.5000000  
  2.4676876      -8.7506876       0.5000000  
  3.2530625      -8.7506876       0.5000000  
 -4.8238125      -7.9653125       0.5000000  
 -4.0384378      -7.9653125       0.5000000  
  4.0384378      -7.9653125       0.5000000  
  4.8238125      -7.9653125       0.5000000  
 -5.6091871      -7.1799374       0.5000000  
  5.6091871      -7.1799374       0.5000000  
 -6.3945627      -6.3945627       0.5000000  
  6.3945627      -6.3945627       0.5000000  
 -7.1799374      -5.6091871       0.5000000  
  7.1799374      -5.6091871       0.5000000  
 -7.9653125      -4.8238125       0.5000000  
  7.9653125      -4.8238125       0.5000000  
 -7.9653125      -4.0384378       0.5000000  
  7.9653125      -4.0384378       0.5000000  
 -8.7506876      -3.2530625       0.5000000  
  8.7506876      -3.2530625       0.5000000  
 -8.7506876      -2.4676876       0.5000000  
  8.7506876      -2.4676876       0.5000000  
 -8.7506876      -1.6748750       0.5000000  
  8.7506876      -1.6748750       0.5000000  
 -8.7506876       1.6748750       0.5000000  
  8.7506876       1.6748750       0.5000000  
 -8.7506876       2.4676876       0.5000000  
  8.7506876       2.4676876       0.5000000  
 -8.7506876       3.2530625       0.5000000  
  8.7506876       3.2530625       0.5000000  
 -7.9653125       4.0384378       0.5000000  
  7.9653125       4.0384378       0.5000000  
 -7.9653125       4.8238125       0.5000000  
  7.9653125       4.8238125       0.5000000  
 -7.1799374       5.6091871       0.5000000  
  7.1799374       5.6091871       0.5000000  
 -6.3945627       6.3945627       0.5000000  
  6.3945627       6.3945627       0.5000000  
 -5.6091871       7.1799374       0.5000000  
  5.6091871       7.1799374       0.5000000  
 -4.8238125       7.9653125       0.5000000  
 -4.0384378       7.9653125       0.5000000  
  4.0384378       7.9653125       0.5000000  
  4.8238125       7.9653125       0.5000000  
 -3.2530625       8.7506876       0.5000000  
 -2.4676876       8.7506876       0.5000000  
 -1.6748750       8.7506876       0.5000000  
  1.6748750       8.7506876       0.5000000  
  2.4676876       8.7506876       0.5000000  
  3.2530625       8.7506876       0.5000000  
 -0.8523125      -8.7506876       1.5000000  
  0.0000000      -8.7506876       1.5000000  
  0.8523125      -8.7506876       1.5000000  
 -3.2530625      -7.9653125       1.5000000  
 -2.4676876      -7.9653125       1.5000000  
  2.4676876      -7.9653125       1.5000000  
  3.2530625      -7.9653125       1.5000000  
 -4.8238125      -7.1799374       1.5000000  
  4.8238125      -7.1799374       1.5000000  
 -5.6091871      -6.3945627       1.5000000  
  5.6091871      -6.3945627       1.5000000  
 -6.3945627      -5.6091871       1.5000000  
  6.3945627      -5.6091871       1.5000000  
 -7.1799374      -4.8238125       1.5000000  
  7.1799374      -4.8238125       1.5000000  
 -7.9653125      -3.2530625       1.5000000  
  7.9653125      -3.2530625       1.5000000  
 -7.9653125      -2.4676876       1.5000000  
  7.9653125      -2.4676876       1.5000000  
 -8.7506876      -0.8523125       1.5000000  
  8.7506876      -0.8523125       1.5000000  
 -8.7506876       0.0000000       1.5000000  
  8.7506876       0.0000000       1.5000000  
 -8.7506876       0.8523125       1.5000000  
  8.7506876       0.8523125       1.5000000  
 -7.9653125       2.4676876       1.5000000  
  7.9653125       2.4676876       1.5000000  
 -7.9653125       3.2530625       1.5000000  
  7.9653125       3.2530625       1.5000000  
 -7.1799374       4.8238125       1.5000000  
  7.1799374       4.8238125       1.5000000  
 -6.3945627       5.6091871       1.5000000  
  6.3945627       5.6091871       1.5000000  
 -5.6091871       6.3945627       1.5000000  
  5.6091871       6.3945627       1.5000000  
 -4.8238125       7.1799374       1.5000000  
  4.8238125       7.1799374       1.5000000  
 -3.2530625       7.9653125       1.5000000  
 -2.4676876       7.9653125       1.5000000  
  2.4676876       7.9653125       1.5000000  
  3.2530625       7.9653125       1.5000000  
 -0.8523125       8.7506876       1.5000000  
  0.0000000       8.7506876       1.5000000  
  0.8523125       8.7506876       1.5000000  
 -1.6748750      -7.9653125       2.5000000  
 -0.8523125      -7.9653125       2.5000000  
  0.0000000      -7.9653125       2.5000000  
  0.8523125      -7.9653125       2.5000000  
  1.6748750      -7.9653125       2.5000000  
 -4.0384378      -7.1799374       2.5000000  
 -3.2530625      -7.1799374       2.5000000  
  3.2530625      -7.1799374       2.5000000  
  4.0384378      -7.1799374       2.5000000  
 -4.8238125      -6.3945627       2.5000000  
  4.8238125      -6.3945627       2.5000000  
 -5.6091871      -5.6091871       2.5000000  
  5.6091871      -5.6091871       2.5000000  
 -6.3945627      -4.8238125       2.5000000  
  6.3945627      -4.8238125       2.5000000  
 -7.1799374      -4.0384378       2.5000000  
  7.1799374      -4.0384378       2.5000000  
 -7.1799374      -3.2530625       2.5000000  
  7.1799374      -3.2530625       2.5000000  
 -7.9653125      -1.6748750       2.5000000  
  7.9653125      -1.6748750       2.5000000  
 -7.9653125      -0.8523125       2.5000000  
  7.9653125      -0.8523125       2.5000000  
 -7.9653125       0.0000000       2.5000000  
  7.9653125       0.0000000       2.5000000  
 -7.9653125       0.8523125       2.5000000  
  7.9653125       0.8523125       2.5000000  
 -7.9653125       1.6748750       2.5000000  
  7.9653125       1.6748750       2.5000000  
 -7.1799374       3.2530625       2.5000000  
  7.1799374       3.2530625       2.5000000  
 -7.1799374       4.0384378       2.5000000  
  7.1799374       4.0384378       2.5000000  
 -6.3945627       4.8238125       2.5000000  
  6.3945627       4.8238125       2.5000000  
 -5.6091871       5.6091871       2.5000000  
  5.6091871       5.6091871       2.5000000  
 -4.8238125       6.3945627       2.5000000  
  4.8238125       6.3945627       2.5000000  
 -4.0384378       7.1799374       2.5000000  
 -3.2530625       7.1799374       2.5000000  
  3.2530625       7.1799374       2.5000000  
  4.0384378       7.1799374       2.5000000  
 -1.6748750       7.9653125       2.5000000  
 -0.8523125       7.9653125       2.5000000  
  0.0000000       7.9653125       2.5000000  
  0.8523125       7.9653125       2.5000000  
  1.6748750       7.9653125       2.5000000  
 -2.4676876      -7.1799374       3.5000000  
 -1.6748750      -7.1799374       3.5000000  
  1.6748750      -7.1799374       3.5000000  
  2.4676876      -7.1799374       3.5000000  
 -4.0384378      -6.3945627       3.5000000  
  4.0384378      -6.3945627       3.5000000  
 -4.8238125      -5.6091871       3.5000000  
  4.8238125      -5.6091871       3.5000000  
 -5.6091871      -4.8238125       3.5000000  
  5.6091871      -4.8238125       3.5000000  
 -6.3945627      -4.0384378       3.5000000  
  6.3945627      -4.0384378       3.5000000  
 -7.1799374      -2.4676876       3.5000000  
  7.1799374      -2.4676876       3.5000000  
 -7.1799374      -1.6748750       3.5000000  
  7.1799374      -1.6748750       3.5000000  
 -7.1799374       1.6748750       3.5000000  
  7.1799374       1.6748750       3.5000000  
 -7.1799374       2.4676876       3.5000000  
  7.1799374       2.4676876       3.5000000  
 -6.3945627       4.0384378       3.5000000  
  6.3945627       4.0384378       3.5000000  
 -5.6091871       4.8238125       3.5000000  
  5.6091871       4.8238125       3.5000000  
 -4.8238125       5.6091871       3.5000000  
  4.8238125       5.6091871       3.5000000  
 -4.0384378       6.3945627       3.5000000  
  4.0384378       6.3945627       3.5000000  
 -2.4676876       7.1799374       3.5000000  
 -1.6748750       7.1799374       3.5000000  
  1.6748750       7.1799374       3.5000000  
  2.4676876       7.1799374       3.5000000  
  0.0000000      -7.1799374       4.5000000  
 -3.2530625      -6.3945627       4.5000000  
 -2.4676876      -6.3945627       4.5000000  
  2.4676876      -6.3945627       4.5000000  
  3.2530625      -6.3945627       4.5000000  
 -4.0384378      -5.6091871       4.5000000  
  4.0384378      -5.6091871       4.5000000  
 -4.8238125      -4.8238125       4.5000000  
  4.8238125      -4.8238125       4.5000000  
 -5.6091871      -4.0384378       4.5000000  
  5.6091871      -4.0384378       4.5000000  
 -6.3945627      -3.2530625       4.5000000  
  6.3945627      -3.2530625       4.5000000  
 -6.3945627      -2.4676876       4.5000000  
  6.3945627      -2.4676876       4.5000000  
 -7.1799374       0.0000000       4.5000000  
  7.1799374       0.0000000       4.5000000  
 -6.3945627       2.4676876       4.5000000  
  6.3945627       2.4676876       4.5000000  
 -6.3945627       3.2530625       4.5000000  
  6.3945627       3.2530625       4.5000000  
 -5.6091871       4.0384378       4.5000000  
  5.6091871       4.0384378       4.5000000  
 -4.8238125       4.8238125       4.5000000  
  4.8238125       4.8238125       4.5000000  
 -4.0384378       5.6091871       4.5000000  
  4.0384378       5.6091871       4.5000000  
 -3.2530625       6.3945627       4.5000000  
 -2.4676876       6.3945627       4.5000000  
  2.4676876       6.3945627       4.5000000  
  3.2530625       6.3945627       4.5000000  
  0.0000000       7.1799374       4.5000000  
 -1.6748750      -6.3945627       5.5000000  
 -0.8523125      -6.3945627       5.5000000  
  0.0000000      -6.3945627       5.5000000  
  0.8523125      -6.3945627       5.5000000  
  1.6748750      -6.3945627       5.5000000  
 -3.2530625      -5.6091871       5.5000000  
  3.2530625      -5.6091871       5.5000000  
 -4.0384378      -4.8238125       5.5000000  
  4.0384378      -4.8238125       5.5000000  
 -4.8238125      -4.0384378       5.5000000  
  4.8238125      -4.0384378       5.5000000  
 -5.6091871      -3.2530625       5.5000000  
  5.6091871      -3.2530625       5.5000000  
 -6.3945627      -1.6748750       5.5000000  
  6.3945627      -1.6748750       5.5000000  
 -6.3945627      -0.8523125       5.5000000  
  6.3945627      -0.8523125       5.5000000  
 -6.3945627       0.0000000       5.5000000  
  6.3945627       0.0000000       5.5000000  
 -6.3945627       0.8523125       5.5000000  
  6.3945627       0.8523125       5.5000000  
 -6.3945627       1.6748750       5.5000000  
  6.3945627       1.6748750       5.5000000  
 -5.6091871       3.2530625       5.5000000  
  5.6091871       3.2530625       5.5000000  
 -4.8238125       4.0384378       5.5000000  
  4.8238125       4.0384378       5.5000000  
 -4.0384378       4.8238125       5.5000000  
  4.0384378       4.8238125       5.5000000  
 -3.2530625       5.6091871       5.5000000  
  3.2530625       5.6091871       5.5000000  
 -1.6748750       6.3945627       5.5000000  
 -0.8523125       6.3945627       5.5000000  
  0.0000000       6.3945627       5.5000000  
  0.8523125       6.3945627       5.5000000  
  1.6748750       6.3945627       5.5000000  
 -1.6748750      -5.6091871       6.5000000  
 -0.8523125      -5.6091871       6.5000000  
  0.0000000      -5.6091871       6.5000000  
  0.8523125      -5.6091871       6.5000000  
  1.6748750      -5.6091871       6.5000000  
 -3.2530625      -4.8238125       6.5000000  
  3.2530625      -4.8238125       6.5000000  
 -4.0384378      -4.0384378       6.5000000  
  4.0384378      -4.0384378       6.5000000  
 -4.8238125      -3.2530625       6.5000000  
  4.8238125      -3.2530625       6.5000000  
 -5.6091871      -1.6748750       6.5000000  
  5.6091871      -1.6748750       6.5000000  
 -5.6091871      -0.8523125       6.5000000  
  5.6091871      -0.8523125       6.5000000  
 -5.6091871       0.0000000       6.5000000  
  5.6091871       0.0000000       6.5000000  
 -5.6091871       0.8523125       6.5000000  
  5.6091871       0.8523125       6.5000000  
 -5.6091871       1.6748750       6.5000000  
  5.6091871       1.6748750       6.5000000  
 -4.8238125       3.2530625       6.5000000  
  4.8238125       3.2530625       6.5000000  
 -4.0384378       4.0384378       6.5000000  
  4.0384378       4.0384378       6.5000000  
 -3.2530625       4.8238125       6.5000000  
  3.2530625       4.8238125       6.5000000  
 -1.6748750       5.6091871       6.5000000  
 -0.8523125       5.6091871       6.5000000  
  0.0000000       5.6091871       6.5000000  
  0.8523125       5.6091871       6.5000000  
  1.6748750       5.6091871       6.5000000  
 -2.4676876      -4.8238125       7.5000000  
 -1.6748750      -4.8238125       7.5000000  
  1.6748750      -4.8238125       7.5000000  
  2.4676876      -4.8238125       7.5000000  
 -3.2530625      -4.0384378       7.5000000  
  3.2530625      -4.0384378       7.5000000  
 -4.0384378      -3.2530625       7.5000000  
  4.0384378      -3.2530625       7.5000000  
 -4.8238125      -2.4676876       7.5000000  
  4.8238125      -2.4676876       7.5000000  
 -4.8238125      -1.6748750       7.5000000  
  4.8238125      -1.6748750       7.5000000  
 -4.8238125       1.6748750       7.5000000  
  4.8238125       1.6748750       7.5000000  
 -4.8238125       2.4676876       7.5000000  
  4.8238125       2.4676876       7.5000000  
 -4.0384378       3.2530625       7.5000000  
  4.0384378       3.2530625       7.5000000  
 -3.2530625       4.0384378       7.5000000  
  3.2530625       4.0384378       7.5000000  
 -2.4676876       4.8238125       7.5000000  
 -1.6748750       4.8238125       7.5000000  
  1.6748750       4.8238125       7.5000000  
  2.4676876       4.8238125       7.5000000  
 -0.8523125      -4.8238125       8.5000000  
  0.0000000      -4.8238125       8.5000000  
  0.8523125      -4.8238125       8.5000000  
 -2.4676876      -4.0384378       8.5000000  
  2.4676876      -4.0384378       8.5000000  
 -3.2530625      -3.2530625       8.5000000  
  3.2530625      -3.2530625       8.5000000  
 -4.0384378      -2.4676876       8.5000000  
  4.0384378      -2.4676876       8.5000000  
 -4.8238125      -0.8523125       8.5000000  
  4.8238125      -0.8523125       8.5000000  
 -4.8238125       0.0000000       8.5000000  
  4.8238125       0.0000000       8.5000000  
 -4.8238125       0.8523125       8.5000000  
  4.8238125       0.8523125       8.5000000  
 -4.0384378       2.4676876       8.5000000  
  4.0384378       2.4676876       8.5000000  
 -3.2530625       3.2530625       8.5000000  
  3.2530625       3.2530625       8.5000000  
 -2.4676876       4.0384378       8.5000000  
  2.4676876       4.0384378       8.5000000  
 -0.8523125       4.8238125       8.5000000  
  0.0000000       4.8238125       8.5000000  
  0.8523125       4.8238125       8.5000000  
 -1.6748750      -4.0384378       9.5000000  
 -0.8523125      -4.0384378       9.5000000  
  0.0000000      -4.0384378       9.5000000  
  0.8523125      -4.0384378       9.5000000  
  1.6748750      -4.0384378       9.5000000  
 -2.4676876      -3.2530625       9.5000000  
  2.4676876      -3.2530625       9.5000000  
 -3.2530625      -2.4676876       9.5000000  
  3.2530625      -2.4676876       9.5000000  
 -4.0384378      -1.6748750       9.5000000  
  4.0384378      -1.6748750       9.5000000  
 -4.0384378      -0.8523125       9.5000000  
  4.0384378      -0.8523125       9.5000000  
 -4.0384378       0.0000000       9.5000000  
  4.0384378       0.0000000       9.5000000  
 -4.0384378       0.8523125       9.5000000  
  4.0384378       0.8523125       9.5000000  
 -4.0384378       1.6748750       9.5000000  
  4.0384378       1.6748750       9.5000000  
 -3.2530625       2.4676876       9.5000000  
  3.2530625       2.4676876       9.5000000  
 -2.4676876       3.2530625       9.5000000  
  2.4676876       3.2530625       9.5000000  
 -1.6748750       4.0384378       9.5000000  
 -0.8523125       4.0384378       9.5000000  
  0.0000000       4.0384378       9.5000000  
  0.8523125       4.0384378       9.5000000  
  1.6748750       4.0384378       9.5000000  
 -1.6748750      -3.2530625      10.5000000  
  1.6748750      -3.2530625      10.5000000  
 -2.4676876      -2.4676876      10.5000000  
  2.4676876      -2.4676876      10.5000000  
 -3.2530625      -1.6748750      10.5000000  
  3.2530625      -1.6748750      10.5000000  
 -3.2530625       1.6748750      10.5000000  
  3.2530625       1.6748750      10.5000000  
 -2.4676876       2.4676876      10.5000000  
  2.4676876       2.4676876      10.5000000  
 -1.6748750       3.2530625      10.5000000  
  1.6748750       3.2530625      10.5000000  
  0.0000000      -3.2530625      11.5000000  
 -1.6748750      -2.4676876      11.5000000  
  1.6748750      -2.4676876      11.5000000  
 -2.4676876      -1.6748750      11.5000000  
  2.4676876      -1.6748750      11.5000000  
 -3.2530625       0.0000000      11.5000000  
  3.2530625       0.0000000      11.5000000  
 -2.4676876       1.6748750      11.5000000  
  2.4676876       1.6748750      11.5000000  
 -1.6748750       2.4676876      11.5000000  
  1.6748750       2.4676876      11.5000000  
  0.0000000       3.2530625      11.5000000  
 -0.8523125      -2.4676876      12.5000000  
  0.0000000      -2.4676876      12.5000000  
  0.8523125      -2.4676876      12.5000000  
 -1.6748750      -1.6748750      12.5000000  
  1.6748750      -1.6748750      12.5000000  
 -2.4676876      -0.8523125      12.5000000  
  2.4676876      -0.8523125      12.5000000  
 -2.4676876       0.0000000      12.5000000  
  2.4676876       0.0000000      12.5000000  
 -2.4676876       0.8523125      12.5000000  
  2.4676876       0.8523125      12.5000000  
 -1.6748750       1.6748750      12.5000000  
  1.6748750       1.6748750      12.5000000  
 -0.8523125       2.4676876      12.5000000  
  0.0000000       2.4676876      12.5000000  
  0.8523125       2.4676876      12.5000000  
  0.0000000      -2.4676876      13.5000000  
 -1.6748750      -1.6748750      13.5000000  
  1.6748750      -1.6748750      13.5000000  
 -2.4676876       0.0000000      13.5000000  
  2.4676876       0.0000000      13.5000000  
 -1.6748750       1.6748750      13.5000000  
  1.6748750       1.6748750      13.5000000  
  0.0000000       2.4676876      13.5000000  
  0.0000000      -2.4676876      14.5000000  
 -1.6748750      -1.6748750      14.5000000  
  1.6748750      -1.6748750      14.5000000  
 -2.4676876       0.0000000      14.5000000  
  2.4676876       0.0000000      14.5000000  
 -1.6748750       1.6748750      14.5000000  
  1.6748750       1.6748750      14.5000000  
  0.0000000       2.4676876      14.5000000  
 